#Columns: e, sigma, sigma_grain, sigma_large, sigma_h, sigma_h+sigma_he
   0.0399999619    6.63998E-19    6.62703E-19    6.62166E-19    3.45403E-19    6.57885E-19
   0.0399999954    6.63997E-19    6.62701E-19    6.62165E-19    3.45402E-19    6.57884E-19
   0.0400000028    6.63997E-19    6.62701E-19    6.62165E-19    3.45402E-19    6.57883E-19
   0.0407999605    6.31646E-19    6.30387E-19    6.29857E-19    3.25199E-19    6.25650E-19
   0.0408000015    6.31644E-19    6.30386E-19    6.29856E-19    3.25198E-19    6.25649E-19
   0.0422942787    5.76923E-19    5.75733E-19    5.75215E-19    2.91521E-19    5.71146E-19
   0.0447201394    5.01416E-19    5.00329E-19    4.99830E-19    2.46144E-19    4.95979E-19
   0.0469999537    4.42519E-19    4.41522E-19    4.41042E-19    2.11718E-19    4.37387E-19
   0.0470000021    4.42518E-19    4.41521E-19    4.41041E-19    2.11718E-19    4.37386E-19
   0.0472851545    4.35842E-19    4.34856E-19    4.34378E-19    2.07874E-19    4.30747E-19
   0.0482999533    4.13187E-19    4.12239E-19    4.11770E-19    1.94923E-19    4.08223E-19
   0.0483000018    4.13187E-19    4.12238E-19    4.11769E-19    1.94922E-19    4.08222E-19
   0.0484699532    4.09553E-19    4.08611E-19    4.08143E-19    1.92858E-19    4.04610E-19
   0.0484700017    4.09586E-19    4.08643E-19    4.08175E-19    1.92858E-19    4.04609E-19
   0.0489999540    3.98537E-19    3.97614E-19    3.97150E-19    1.86607E-19    3.93626E-19
   0.0490000024    3.98538E-19    3.97613E-19    3.97149E-19    1.86606E-19    3.93625E-19
   0.0499972925    3.78836E-19    3.77947E-19    3.77491E-19    1.75551E-19    3.74045E-19
   0.0528649725    3.29136E-19    3.28340E-19    3.27908E-19    1.48213E-19    3.24676E-19
   0.0548999496    2.99127E-19    2.98391E-19    2.97976E-19    1.32119E-19    2.94888E-19
   0.0549000055    2.99163E-19    2.98405E-19    2.97983E-19    1.32119E-19    2.94887E-19
   0.0558971502    2.85814E-19    2.85077E-19    2.84662E-19    1.25063E-19    2.81631E-19
   0.0563999489    2.79387E-19    2.78661E-19    2.78249E-19    1.21690E-19    2.75250E-19
   0.0564000048    2.79386E-19    2.78660E-19    2.78248E-19    1.21690E-19    2.75249E-19
   0.0591032282    2.47963E-19    2.47291E-19    2.46895E-19    1.05443E-19    2.44064E-19
   0.0593999438    2.44808E-19    2.44142E-19    2.43748E-19    1.03835E-19    2.40933E-19
   0.0594000034    2.44808E-19    2.44141E-19    2.43747E-19    1.03835E-19    2.40933E-19
   0.0624932162    2.14887E-19    2.14276E-19    2.13900E-19    8.88091E-20    2.11261E-19
   0.0643899366    1.98907E-19    1.98328E-19    1.97963E-19    8.09609E-20    1.95425E-19
   0.0643900037    1.98907E-19    1.98328E-19    1.97962E-19    8.09607E-20    1.95424E-19
   0.0649999380    1.94103E-19    1.93534E-19    1.93172E-19    7.86271E-20    1.90665E-19
   0.0650000051    1.94103E-19    1.93533E-19    1.93172E-19    7.86268E-20    1.90665E-19
   0.0659999326    1.86553E-19    1.86000E-19    1.85644E-19    7.49841E-20    1.83187E-19
   0.0659999996    1.86595E-19    1.86020E-19    1.85656E-19    7.49839E-20    1.83187E-19
   0.0660776421    1.86025E-19    1.85451E-19    1.85088E-19    7.47102E-20    1.82622E-19
   0.0698676556    1.60772E-19    1.60262E-19    1.59922E-19    6.27722E-20    1.57639E-19
   0.0708399266    1.55030E-19    1.54535E-19    1.54201E-19    6.01108E-20    1.51961E-19
   0.0708400011    1.55031E-19    1.54535E-19    1.54201E-19    6.01106E-20    1.51961E-19
   0.0729999319    1.43207E-19    1.42743E-19    1.42421E-19    5.46975E-20    1.40274E-19
   0.0730000064    1.43207E-19    1.42742E-19    1.42421E-19    5.46973E-20    1.40274E-19
   0.0738750398    1.38754E-19    1.38302E-19    1.37986E-19    5.26836E-20    1.35875E-19
   0.0769999325    1.24267E-19    1.23856E-19    1.23557E-19    4.62310E-20    1.21569E-19
   0.0770000070    1.24267E-19    1.23855E-19    1.23557E-19    4.62308E-20    1.21568E-19
   0.0781122968    1.19594E-19    1.19196E-19    1.18903E-19    4.41842E-20    1.16956E-19
   0.0789999217    1.16030E-19    1.15643E-19    1.15355E-19    4.26357E-20    1.13440E-19
   0.0790000036    1.16030E-19    1.15642E-19    1.15355E-19    4.26355E-20    1.13439E-19
   0.0803999230    1.10690E-19    1.10319E-19    1.10039E-19    4.03359E-20    1.08172E-19
   0.0804000050    1.10697E-19    1.10321E-19    1.10039E-19    4.03358E-20    1.08172E-19
   0.0819999203    1.04988E-19    1.04629E-19    1.04355E-19    3.79057E-20    1.02542E-19
   0.0820000023    1.04989E-19    1.04629E-19    1.04355E-19    3.79055E-20    1.02542E-19
   0.0825925618    1.02974E-19    1.02621E-19    1.02350E-19    3.70555E-20    1.00556E-19
   0.0829999223    1.01619E-19    1.01270E-19    1.01001E-19    3.64860E-20    9.92204E-20
   0.0830000043    1.01619E-19    1.01270E-19    1.01001E-19    3.64859E-20    9.92201E-20
   0.0873298272    8.85514E-20    8.82434E-20    8.79957E-20    3.10704E-20    8.63469E-20
   0.0923388004    7.61509E-20    7.58843E-20    7.56598E-20    2.61425E-20    7.41467E-20
   0.0939999074    7.25535E-20    7.22993E-20    7.20821E-20    2.47452E-20    7.06106E-20
   0.0940000042    7.25677E-20    7.23069E-20    7.20857E-20    2.47451E-20    7.06104E-20
   0.0945999026    7.13242E-20    7.10677E-20    7.08491E-20    2.42655E-20    6.93883E-20
   0.0945999995    7.13241E-20    7.10675E-20    7.08489E-20    2.42654E-20    6.93881E-20
   0.0976350829    6.54477E-20    6.52120E-20    6.50061E-20    2.20222E-20    6.36160E-20
   0.0999990031    6.13075E-20    6.10869E-20    6.08905E-20    2.04650E-20    5.95521E-20
   0.1000000015    6.13058E-20    6.10852E-20    6.08888E-20    2.04644E-20    5.95505E-20
   0.1032351106    5.61823E-20    5.59807E-20    5.57967E-20    1.85641E-20    5.45248E-20
   0.1039998978    5.50543E-20    5.48569E-20    5.46757E-20    1.81497E-20    5.34188E-20
   0.1040000021    5.50630E-20    5.48623E-20    5.46789E-20    1.81497E-20    5.34187E-20
   0.1059999019    5.22508E-20    5.20607E-20    5.18845E-20    1.71228E-20    5.06624E-20
   0.1060000062    5.23254E-20    5.20990E-20    5.18989E-20    1.71228E-20    5.06622E-20
   0.1091563776    4.82639E-20    4.80517E-20    4.78607E-20    1.56539E-20    4.66792E-20
   0.1149998829    4.17748E-20    4.15869E-20    4.14122E-20    1.33473E-20    4.03237E-20
   0.1150000021    4.17747E-20    4.15868E-20    4.14121E-20    1.33473E-20    4.03236E-20
   0.1154172421    4.13564E-20    4.11701E-20    4.09965E-20    1.32003E-20    3.99142E-20
   0.1192998886    3.77143E-20    3.75426E-20    3.73793E-20    1.19296E-20    3.63525E-20
   0.1193000078    3.77142E-20    3.75425E-20    3.73792E-20    1.19295E-20    3.63524E-20
   0.1220372170    3.53956E-20    3.52337E-20    3.50774E-20    1.11291E-20    3.40872E-20
   0.1249998733    3.30918E-20    3.29398E-20    3.27909E-20    1.03404E-20    3.18383E-20
   0.1250000000    3.30921E-20    3.29399E-20    3.27908E-20    1.03403E-20    3.18382E-20
   0.1255998760    3.26497E-20    3.24994E-20    3.23518E-20    1.01896E-20    3.14065E-20
   0.1256000102    3.26507E-20    3.24999E-20    3.23519E-20    1.01896E-20    3.14064E-20
   0.1287998706    3.04170E-20    3.02762E-20    3.01358E-20    9.43264E-21    2.92281E-20
   0.1288000047    3.04169E-20    3.02761E-20    3.01357E-20    9.43261E-21    2.92280E-20
   0.1290369183    3.02596E-20    3.01195E-20    2.99796E-20    9.37954E-21    2.90747E-20
   0.1364380717    2.58374E-20    2.57178E-20    2.55944E-20    7.90140E-21    2.47688E-20
   0.1399998516    2.40091E-20    2.38983E-20    2.37822E-20    7.29815E-21    2.29913E-20
   0.1400000006    2.40103E-20    2.38993E-20    2.37829E-20    7.29812E-21    2.29912E-20
   0.1442637295    2.20376E-20    2.19362E-20    2.18281E-20    6.65261E-21    2.10753E-20
   0.1525382698    1.87749E-20    1.86900E-20    1.85964E-20    5.59789E-21    1.79118E-20
   0.1559998393    1.75975E-20    1.75185E-20    1.74305E-20    5.22141E-21    1.67720E-20
   0.1560000032    1.76064E-20    1.75243E-20    1.74335E-20    5.22139E-21    1.67719E-20
   0.1612873673    1.59873E-20    1.59137E-20    1.58308E-20    4.70750E-21    1.52063E-20
   0.1699998230    1.37194E-20    1.36578E-20    1.35865E-20    3.99550E-21    1.30172E-20
   0.1700000018    1.37785E-20    1.37086E-20    1.36292E-20    3.99549E-21    1.30171E-20
   0.1705383360    1.36524E-20    1.35832E-20    1.35045E-20    3.95623E-21    1.28957E-20
   0.1803199053    1.16028E-20    1.15455E-20    1.14784E-20    3.32277E-21    1.09252E-20
   0.1906624734    9.85211E-21    9.80504E-21    9.74845E-21    2.78899E-21    9.24689E-21
   0.1939998120    9.36169E-21    9.31747E-21    9.26389E-21    2.64077E-21    8.77765E-21
   0.1940000057    9.36177E-21    9.31754E-21    9.26395E-21    2.64076E-21    8.77763E-21
   0.2015983015    8.35873E-21    8.32031E-21    8.27296E-21    2.33953E-21    7.81933E-21
   0.2089997977    7.51281E-21    7.47923E-21    7.43723E-21    2.08762E-21    7.01277E-21
   0.2090000063    7.51339E-21    7.47973E-21    7.43764E-21    2.08762E-21    7.01275E-21
   0.2131613791    7.08666E-21    7.05542E-21    7.01606E-21    1.96134E-21    6.60651E-21
   0.2253876328    6.00330E-21    5.97813E-21    5.94573E-21    1.64333E-21    5.57730E-21
   0.2349997759    5.29956E-21    5.27822E-21    5.25036E-21    1.43893E-21    4.91059E-21
   0.2350000143    5.30410E-21    5.28237E-21    5.25403E-21    1.43892E-21    4.91057E-21
   0.2383151948    5.08657E-21    5.06602E-21    5.03909E-21    1.37612E-21    4.70485E-21
   0.2491997480    4.44969E-21    4.43252E-21    4.40970E-21    1.19337E-21    4.10355E-21
   0.2492000014    4.46110E-21    4.44392E-21    4.42110E-21    1.19337E-21    4.10354E-21
   0.2519842386    4.31485E-21    4.29844E-21    4.27655E-21    1.15175E-21    3.96602E-21
   0.2664372325    3.64888E-21    3.63583E-21    3.61816E-21    9.63463E-22    3.34095E-21
   0.2779997587    3.21031E-21    3.19939E-21    3.18444E-21    8.40703E-22    2.93054E-21
   0.2780000269    3.21034E-21    3.19942E-21    3.18447E-21    8.40700E-22    2.93053E-21
   0.2817192972    3.08409E-21    3.07377E-21    3.05958E-21    8.05561E-22    2.81259E-21
   0.2839971781    3.00998E-21    3.00000E-21    2.98626E-21    7.84976E-22    2.74340E-21
   0.2840000093    3.00989E-21    2.99991E-21    2.98618E-21    7.84951E-22    2.74332E-21
   0.2909997106    2.79629E-21    2.78731E-21    2.77485E-21    7.25818E-22    2.54412E-21
   0.2910000086    3.02128E-21    2.98934E-21    2.94918E-21    7.25816E-22    2.54411E-21
   0.2978778780    2.81980E-21    2.79073E-21    2.75382E-21    6.73218E-22    2.36636E-21
   0.3013997078    2.72346E-21    2.69575E-21    2.66041E-21    6.48193E-22    2.28159E-21
   0.3014000058    2.72345E-21    2.69574E-21    2.66040E-21    6.48191E-22    2.28158E-21
   0.3149631917    2.39054E-21    2.36743E-21    2.33746E-21    5.62363E-22    1.98978E-21
   0.3259996772    2.15824E-21    2.13824E-21    2.11198E-21    5.03117E-22    1.78732E-21
   0.3260000050    2.15897E-21    2.13898E-21    2.11272E-21    5.03115E-22    1.78732E-21
   0.3330285251    2.02636E-21    2.00810E-21    1.98395E-21    4.69556E-22    1.67222E-21
   0.3521300554    1.71631E-21    1.70196E-21    1.68264E-21    3.91902E-22    1.40462E-21
   0.3522996604    1.71385E-21    1.69952E-21    1.68024E-21    3.91290E-22    1.40250E-21
   0.3523000181    1.71793E-21    1.70286E-21    1.68265E-21    3.91289E-22    1.40250E-21
   0.3723270893    1.45678E-21    1.44496E-21    1.42883E-21    3.26958E-22    1.17926E-21
   0.3842996061    1.32532E-21    1.31504E-21    1.30092E-21    2.94961E-22    1.06763E-21
   0.3842999935    1.32531E-21    1.31504E-21    1.30091E-21    2.94960E-22    1.06762E-21
   0.3936826587    1.23303E-21    1.22381E-21    1.21106E-21    2.72671E-22    9.89596E-22
   0.3999960124    1.17566E-21    1.16708E-21    1.15517E-21    2.58890E-22    9.41237E-22
   0.4000000060    1.17563E-21    1.16705E-21    1.15513E-21    2.58882E-22    9.41207E-22
   0.4047995806    1.13435E-21    1.12622E-21    1.11491E-21    2.49005E-22    9.06487E-22
   0.4047999978    1.18513E-21    1.17700E-21    1.16568E-21    2.49004E-22    9.06484E-22
   0.4053995907    1.17995E-21    1.17188E-21    1.16063E-21    2.47804E-22    9.02265E-22
   0.4054000080    1.17995E-21    1.17188E-21    1.16063E-21    2.47804E-22    9.02262E-22
   0.4162631333    1.09116E-21    1.08401E-21    1.07398E-21    2.27313E-22    8.30062E-22
   0.4401386380    9.24889E-22    9.19363E-22    9.11528E-22    1.89432E-22    6.95947E-22
   0.4424995780    9.10318E-22    9.04928E-22    8.97278E-22    1.86145E-22    6.84267E-22
   0.4425000250    9.10709E-22    9.05275E-22    8.97563E-22    1.86144E-22    6.84265E-22
   0.4639995396    7.90973E-22    7.86623E-22    7.80395E-22    1.59357E-22    5.88795E-22
   0.4640000165    7.91097E-22    7.86733E-22    7.80488E-22    1.59356E-22    5.88793E-22
   0.4653836787    7.84121E-22    7.79819E-22    7.73657E-22    1.57809E-22    5.83261E-22
   0.4920767248    6.64123E-22    6.60822E-22    6.56052E-22    1.31420E-22    4.88625E-22
   0.5031995177    6.21012E-22    6.18057E-22    6.13770E-22    1.22117E-22    4.55109E-22
   0.5032000542    6.21010E-22    6.18055E-22    6.13769E-22    1.22116E-22    4.55107E-22
   0.5203006268    5.62283E-22    5.59759E-22    5.56082E-22    1.09409E-22    4.09188E-22
   0.5269994736    1.22385E-21    1.16118E-21    1.08872E-21    1.04900E-22    3.92850E-22
   0.5270000100    1.22575E-21    1.16281E-21    1.09010E-21    1.04900E-22    3.92848E-22
   0.5319947004    5.32868E-22    5.30395E-22    5.26788E-22    1.01693E-22    3.81216E-22
   0.5320000052    5.32836E-22    5.30363E-22    5.26757E-22    1.01689E-22    3.81203E-22
   0.5379995108    5.08744E-22    5.06600E-22    5.03462E-22    9.80035E-23    3.67817E-22
   0.5380000472    5.08742E-22    5.06598E-22    5.03460E-22    9.80032E-23    3.67815E-22
   0.5501435399    7.78478E-22    7.59653E-22    7.34815E-22    9.10561E-23    3.42538E-22
   0.5689994097    6.59995E-22    6.47447E-22    6.30406E-22    8.14815E-23    3.07593E-22
   0.5690000057    6.60007E-22    6.47458E-22    6.30413E-22    8.14812E-23    3.07592E-22
   0.5816981196    6.11338E-22    6.00615E-22    5.85909E-22    7.57585E-23    2.86641E-22
   0.5849994421    6.00644E-22    5.90271E-22    5.76017E-22    7.43565E-23    2.81500E-22
   0.5850000381    6.01174E-22    5.90720E-22    5.76362E-22    7.43563E-23    2.81500E-22
   0.6150624156    5.24736E-22    5.16362E-22    5.04719E-22    6.30124E-23    2.39782E-22
   0.6379993558    4.74858E-22    4.67760E-22    4.57808E-22    5.58258E-23    2.13228E-22
   0.6380000114    4.74857E-22    4.67759E-22    4.57807E-22    5.58256E-23    2.13227E-22
   0.6503404379    4.50601E-22    4.44097E-22    4.34941E-22    5.23956E-23    2.00515E-22
   0.6553993821    4.41131E-22    4.34855E-22    4.26004E-22    5.10684E-23    1.95589E-22
   0.6554000378    4.41431E-22    4.35119E-22    4.26223E-22    5.10682E-23    1.95588E-22
   0.6876420379    3.86837E-22    3.81785E-22    3.74596E-22    4.35555E-23    1.67623E-22
   0.6939992905    3.77143E-22    3.72305E-22    3.65406E-22    4.22464E-23    1.62735E-22
   0.6940000057    3.77142E-22    3.72303E-22    3.65405E-22    4.22463E-23    1.62734E-22
   0.7029992938    3.64537E-22    3.59940E-22    3.53373E-22    4.04788E-23    1.56127E-22
   0.7030000091    3.64591E-22    3.59989E-22    3.53415E-22    4.04787E-23    1.56126E-22
   0.7069929242    4.05118E-22    3.96639E-22    3.84857E-22    3.97251E-23    1.53306E-22
   0.7070000172    4.05762E-22    3.97218E-22    3.85351E-22    3.97238E-23    1.53302E-22
   0.7239993215    3.91845E-22    3.83075E-22    3.70909E-22    3.67115E-23    1.42012E-22
   0.7240000367    3.91839E-22    3.83069E-22    3.70904E-22    3.67114E-23    1.42011E-22
   0.7270831466    3.75239E-22    3.67812E-22    3.57421E-22    3.61970E-23    1.40081E-22
   0.7687864900    3.15448E-22    3.10284E-22    3.02942E-22    3.00738E-23    1.17027E-22
   0.7815992236    3.00957E-22    2.96222E-22    2.89466E-22    2.84652E-23    1.10948E-22
   0.7815999985    3.00991E-22    2.96253E-22    2.89492E-22    2.84651E-23    1.10947E-22
   0.7999991775    2.81911E-22    2.77702E-22    2.71670E-22    2.63444E-23    1.02916E-22
   0.8000000119    2.82006E-22    2.77788E-22    2.71742E-22    2.63443E-23    1.02915E-22
   0.8128817677    2.69985E-22    2.66070E-22    2.60445E-22    2.49800E-23    9.77374E-23
   0.8569991589    2.33590E-22    2.30543E-22    2.26127E-22    2.09467E-23    8.23778E-23
   0.8570000529    2.37597E-22    2.34300E-22    2.29534E-22    2.09467E-23    8.23775E-23
   0.8595062494    2.35712E-22    2.32460E-22    2.27757E-22    2.07437E-23    8.16024E-23
   0.8669912815    3.23044E-22    3.19923E-22    3.15402E-22    2.01525E-23    7.93431E-23
   0.8669999838    3.29813E-22    3.26692E-22    3.22172E-22    2.01519E-23    7.93405E-23
   0.8700991273    2.53730E-22    2.50661E-22    2.46214E-22    1.99135E-23    7.84289E-23
   0.8701000214    2.53729E-22    2.50660E-22    2.46213E-22    1.99134E-23    7.84286E-23
   0.8759991527    2.49144E-22    2.46171E-22    2.41860E-22    1.94697E-23    7.67307E-23
   0.8760000467    2.50322E-22    2.47251E-22    2.42801E-22    1.94696E-23    7.67305E-23
   0.9088044763    2.27000E-22    2.24421E-22    2.20666E-22    1.72217E-23    6.81109E-23
   0.9399991035    2.07407E-22    2.05215E-22    2.02009E-22    1.53860E-23    6.10465E-23
   0.9400000572    2.07418E-22    2.05226E-22    2.02018E-22    1.53859E-23    6.10463E-23
   0.9469990730    2.03331E-22    2.01216E-22    1.98118E-22    1.50093E-23    5.95937E-23
   0.9470000267    2.03331E-22    2.01215E-22    1.98118E-22    1.50092E-23    5.95935E-23
   0.9609308243    1.95507E-22    1.93536E-22    1.90646E-22    1.42943E-23    5.68333E-23
   1.0160470009    1.68173E-22    1.66674E-22    1.64461E-22    1.18617E-23    4.74093E-23
   1.0239989758    1.64654E-22    1.63212E-22    1.61082E-22    1.15562E-23    4.62219E-23
   1.0240000486    1.64797E-22    1.63347E-22    1.61204E-22    1.15561E-23    4.62217E-23
   1.0743243694    1.44630E-22    1.43488E-22    1.41792E-22    9.84086E-24    3.95369E-23
   1.0789989233    1.42926E-22    1.41808E-22    1.40148E-22    9.69873E-24    3.89815E-23
   1.0789999962    1.43247E-22    1.42116E-22    1.40438E-22    9.69869E-24    3.89813E-23
   1.1059989929    1.33891E-22    1.32892E-22    1.31406E-22    8.92762E-24    3.59640E-23
   1.1060000658    1.33891E-22    1.32892E-22    1.31406E-22    8.92759E-24    3.59639E-23
   1.1359444857    1.24435E-22    1.23562E-22    1.22260E-22    8.16251E-24    3.29625E-23
   1.2010989189    1.06712E-22    1.06055E-22    1.05071E-22    6.76895E-24    2.74738E-23
   1.2699896097    9.14254E-23    9.09327E-23    9.01916E-23    5.61214E-24    2.28930E-23
   1.3029869795    8.51242E-23    8.46929E-23    8.40431E-23    5.14830E-24    2.10489E-23
   1.3029999733    8.51218E-23    8.46905E-23    8.40408E-23    5.14813E-24    2.10482E-23
   1.3109987974    8.36814E-23    8.32637E-23    8.26341E-23    5.04322E-24    2.06305E-23
   1.3110001087    8.87741E-23    8.82105E-23    8.73642E-23    5.04320E-24    2.06305E-23
   1.3428324461    8.30760E-23    8.25775E-23    8.18280E-23    4.65206E-24    1.90708E-23
   1.4198533297    7.11577E-23    7.07840E-23    7.02201E-23    3.85546E-24    1.58827E-23
   1.5012919903    6.08978E-23    6.06184E-23    6.01955E-23    3.19464E-24    1.32241E-23
   1.5669984818    5.40045E-23    5.37814E-23    5.34431E-23    2.76472E-24    1.14864E-23
   1.5670000315    5.43584E-23    5.41268E-23    5.37757E-23    2.76471E-24    1.14864E-23
   1.5874016285    5.24195E-23    5.22031E-23    5.18749E-23    2.64658E-24    1.10077E-23
   1.6784492731    4.48004E-23    4.46393E-23    4.43944E-23    2.19214E-24    9.16054E-24
   1.7747201920    3.82614E-23    3.81417E-23    3.79593E-23    1.81540E-24    7.62145E-24
   1.8399815559    3.45331E-23    3.44345E-23    3.42840E-23    1.60658E-24    6.76483E-24
   1.8400000334    3.45321E-23    3.44335E-23    3.42831E-23    1.60653E-24    6.76460E-24
   1.8459981680    3.42141E-23    3.41171E-23    3.39693E-23    1.58893E-24    6.69227E-24
   1.8460000753    3.67405E-23    3.66035E-23    3.63950E-23    1.58892E-24    6.69225E-24
   1.8765128851    3.50915E-23    3.49658E-23    3.47743E-23    1.50314E-24    6.33941E-24
   1.9841440916    3.00019E-23    2.99081E-23    2.97649E-23    1.24438E-24    5.27177E-24
   2.0979487896    2.56322E-23    2.55623E-23    2.54556E-23    1.02998E-24    4.38291E-24
   2.1539978981    2.37883E-23    2.37276E-23    2.36348E-23    9.41857E-25    4.01621E-24
   2.1540000439    2.38179E-23    2.37570E-23    2.36639E-23    9.41854E-25    4.01620E-24
   2.2182807922    2.19118E-23    2.18598E-23    2.17802E-23    8.52391E-25    3.64307E-24
   2.3455135822    1.86965E-23    1.86579E-23    1.85988E-23    7.05308E-25    3.02744E-24
   2.4709751606    1.61112E-23    1.60821E-23    1.60375E-23    5.90827E-25    2.54610E-24
   2.4709999561    1.61108E-23    1.60817E-23    1.60370E-23    5.90807E-25    2.54601E-24
   2.4769976139    1.59994E-23    1.59707E-23    1.59266E-23    5.85957E-25    2.52557E-24
   2.4770002365    1.71758E-23    1.71428E-23    1.70922E-23    5.85955E-25    2.52556E-24
   2.4800453186    1.71166E-23    1.70838E-23    1.70336E-23    5.83512E-25    2.51527E-24
   2.6222932339    1.46285E-23    1.46042E-23    1.45669E-23    4.82675E-25    2.08928E-24
   2.7727003098    1.24933E-23    1.24753E-23    1.24477E-23    3.99205E-25    1.73507E-24
   2.8299973011    1.17890E-23    1.17728E-23    1.17481E-23    3.72339E-25    1.62071E-24
   2.8300001621    1.17997E-23    1.17835E-23    1.17587E-23    3.72338E-25    1.62070E-24
   2.9317340851    1.06727E-23    1.06593E-23    1.06388E-23    3.30122E-25    1.44060E-24
   3.0998897552    9.10331E-24    9.09347E-24    9.07836E-24    2.72955E-25    1.19586E-24
   3.2029967308    8.28994E-24    8.28172E-24    8.26909E-24    2.44126E-25    1.07200E-24
   3.2030000687    8.47034E-24    8.46212E-24    8.44948E-24    2.44125E-25    1.07200E-24
   3.2099678516    8.41811E-24    8.40999E-24    8.39751E-24    2.42322E-25    1.06424E-24
   3.2100000381    8.41787E-24    8.40975E-24    8.39727E-24    2.42313E-25    1.06420E-24
   3.2776882648    7.93213E-24    7.92489E-24    7.91376E-24    2.25657E-25    9.92489E-25
   3.4656867981    6.76415E-24    6.75883E-24    6.75064E-24    1.86530E-25    8.23538E-25
   3.6139965057    5.99881E-24    5.99459E-24    5.98810E-24    1.61650E-25    7.15711E-25
   3.6140000820    5.99879E-24    5.99457E-24    5.98808E-24    1.61650E-25    7.15708E-25
   3.6644682884    5.76466E-24    5.76075E-24    5.75474E-24    1.54167E-25    6.83212E-25
   3.8746514320    4.91001E-24    4.90715E-24    4.90275E-24    1.27403E-25    5.66685E-25
   4.0379595757    4.35855E-24    4.35627E-24    4.35278E-24    1.10623E-25    4.93370E-25
   4.0380001068    4.35842E-24    4.35615E-24    4.35265E-24    1.10619E-25    4.93353E-25
   4.0429959297    4.34288E-24    4.34062E-24    4.33715E-24    1.10152E-25    4.91310E-25
   4.0430002213    4.43804E-24    4.43555E-24    4.43170E-24    1.10152E-25    4.91308E-25
   4.0968899727    4.27195E-24    4.26963E-24    4.26606E-24    1.05272E-25    4.69943E-25
   4.3318753242    3.63669E-24    3.63500E-24    3.63238E-24    8.69753E-26    3.89643E-25
   4.4939956665    3.26981E-24    3.26843E-24    3.26630E-24    7.66908E-26    3.44360E-25
   4.4940004349    3.26980E-24    3.26842E-24    3.26629E-24    7.66905E-26    3.44359E-25
   4.5803365707    3.09431E-24    3.09307E-24    3.09115E-24    7.18501E-26    3.23005E-25
   4.8430509567    2.63151E-24    2.63061E-24    2.62921E-24    5.93484E-26    2.67715E-25
   4.9719948769    2.43773E-24    2.43695E-24    2.43574E-24    5.42350E-26    2.45036E-25
   4.9720001221    2.44087E-24    2.44008E-24    2.43887E-24    5.42348E-26    2.45036E-25
   5.1208338737    2.23980E-24    2.23914E-24    2.23811E-24    4.90165E-26    2.21849E-25
   5.4145498276    1.90311E-24    1.90262E-24    1.90188E-24    4.04789E-26    1.83810E-25
   5.4749946594    1.84229E-24    1.84184E-24    1.84114E-24    3.89655E-26    1.77051E-25
   5.4750003815    1.84229E-24    1.84183E-24    1.84113E-24    3.89653E-26    1.77050E-25
   5.7251124382    1.61633E-24    1.61598E-24    1.61543E-24    3.34249E-26    1.52266E-25
   5.9959940910    1.41123E-24    1.41096E-24    1.41054E-24    2.85171E-26    1.30249E-25
   5.9960002899    1.42397E-24    1.42369E-24    1.42326E-24    2.85170E-26    1.30249E-25
   6.0534877777    1.38466E-24    1.38439E-24    1.38398E-24    2.75973E-26    1.26115E-25
   6.4006943703    1.17534E-24    1.17515E-24    1.17485E-24    2.27835E-26    1.04438E-25
   6.5499935150    1.09822E-24    1.09805E-24    1.09778E-24    2.10470E-26    9.65997E-26
   6.5500001907    1.10624E-24    1.10606E-24    1.10579E-24    2.10470E-26    9.65994E-26
   6.7678194046    1.00467E-24    1.00453E-24    1.00430E-24    1.88075E-26    8.64731E-26
   7.1109290123    8.68347E-25    8.68238E-25    8.68069E-25    1.58651E-26    7.31363E-26
   7.1110000610    8.68322E-25    8.68213E-25    8.68044E-25    1.58646E-26    7.31338E-26
   7.1239933968    8.63656E-25    8.63547E-25    8.63380E-25    1.57652E-26    7.26828E-26
   7.1240005493    1.77020E-24    1.76948E-24    1.76836E-24    1.57652E-26    7.26826E-26
   7.1560010910    1.74860E-24    1.74789E-24    1.74680E-24    1.55239E-26    7.15871E-26
   7.5664482117    1.50028E-24    1.49976E-24    1.49895E-24    1.28124E-26    5.92545E-26
   7.7249927521    1.41699E-24    1.41652E-24    1.41580E-24    1.19295E-26    5.52297E-26
   7.7250003815    1.41957E-24    1.41910E-24    1.41837E-24    1.19294E-26    5.52296E-26
   8.0004367828    1.28874E-24    1.28835E-24    1.28775E-24    1.05736E-26    4.90390E-26
   8.3309173584    1.15216E-24    1.15185E-24    1.15136E-24    9.19735E-27    4.27425E-26
   8.3310003281    1.15213E-24    1.15182E-24    1.15133E-24    9.19703E-27    4.27410E-26
   8.3479919434    1.14564E-24    1.14533E-24    1.14485E-24    9.13269E-27    4.24463E-26
   8.3480005264    1.17773E-24    1.17739E-24    1.17686E-24    9.13266E-27    4.24461E-26
   8.4593181610    1.13533E-24    1.13501E-24    1.13452E-24    8.72518E-27    4.05788E-26
   8.9445152283    9.72552E-25    9.72318E-25    9.71957E-25    7.19932E-27    3.35733E-26
   8.9879913330    9.59526E-25    9.59298E-25    9.58947E-25    7.07998E-27    3.30244E-26
   8.9880008698    9.59523E-25    9.59295E-25    9.58944E-25    7.07995E-27    3.30243E-26
   9.4575462341    8.32602E-25    8.32429E-25    8.32163E-25    5.93981E-27    2.77732E-26
  10.0000028610    7.12366E-25    7.12239E-25    7.12042E-25    4.90025E-27    2.29720E-26
